+--------project.py - SH 2024 ---------------------
| CAS_LEW.py file_CAS file_VB  3 arguments
+- must have .orb and .xmo of both              ---
+--------                     ---------------------
|  read files :
|  b_d_cas.xmo: 175 CAS vect, b_dK12.xmo: 2VB vect, b_d_cas.orb:24 CAS orbs, b_dK12.orb:24  VB orbs VBfile= b_dK12.xmo
HHH  [[0.4055261466, 0.0127436838, 0.0005786807, 0.0013696652, -0.0033524594, -0.0005373157, -0.0008895645, -0.0016617902, 0.0004982955, -0.0012644127, -0.0004142767, 0.4059778181, 0.0127569329, -0.0005782113, 0.0013689874, -0.0033546354, 0.0005311519, -0.0008887056, -0.0016621776, -0.0004981325, -0.0012656451, -0.0004144059, 0.4083495472, 0.0134134243, -0.0017974071, -1.8478e-06, -0.0031483975, 0.0011178363, -1.2029e-06, -0.0006988436, -1.274e-06, -0.0018682116, -0.0005258601, 0.4064078465, 0.0127764887, -0.0005785851, -0.0013666191, -0.0033593971, 0.0005381194, 0.0008843316, -0.0016653066, 0.0005004208, -0.001267892, -0.0004163958, 0.4061876427, 0.0127659455, 0.00057867, -0.0013649332, -0.0033597686, -0.0005288833, 0.0009012592, -0.0016619529, -0.0005023384, -0.0012674661, -0.0004156435, 0.4076647268, 0.0133881325, 0.0017975094, -2.0752e-06, -0.0031336813, -0.0011146506, 7.3459e-06, -0.000695211, -1.374e-06, -0.0018661254, -0.0005242051, -0.0014056996, -0.001198192, -0.0009364215, -0.001144073, -0.001402373, -0.0011934931, -0.0009402525, -0.0011487176, -0.0014032511, -0.0011995809, -0.0014086724, -0.0012024561], [-0.063485656, -0.0019524214, -0.0001960941, -0.0004650318, 0.0005856124, -0.001105701, 0.0004462757, -0.0002032984, -0.001360619, 0.0006098312, 0.0001037011, -0.526164745, -0.0157664912, 0.0014783594, -0.0025694145, 0.0047494429, -0.0004749176, -0.0008014936, 0.0018997654, 0.0001231938, 0.0023601983, 0.0009074278, -0.4627704788, -0.0138804167, 0.0026298417, -0.0001621622, 0.0041773497, 0.0003348489, 0.0009932211, 0.0019771452, 6.94572e-05, 0.0016215203, 0.0008840252, 0.0637366749, 0.0019614661, -0.0001944981, -0.0004705185, -0.0005837557, -0.0011051386, 0.0004354057, 0.0002017935, 0.0013668967, -0.0006113401, -0.0001057321, 0.5264890445, 0.0157814462, 0.0014755053, -0.0025696042, -0.0047482491, -0.0004756615, -0.0007961336, -0.0019013252, -0.0001334983, -0.0023577596, -0.000907697, 0.4625599443, 0.0138766378, 0.0026304439, -0.0001612785, -0.0041679074, 0.0003354674, 0.0009965735, -0.0019741733, -7.02825e-05, -0.0016247605, -0.0008838895, 0.0012151322, -0.0006582746, 0.0011486808, -0.0005749354, 5.50635e-05, 8.8006e-06, -0.0011471601, 0.0005750117, -0.0012121541, 0.0006599287, -5.64784e-05, -7.8174e-06], [0.571150851, 0.0171337993, 0.0016101081, 0.0028306883, -0.0051549306, -0.0001532838, 0.000692611, -0.0019295063, 0.0005614945, -0.0026609846, -0.0009816146, 0.230894651, 0.0069743362, -0.0006656283, 0.0012900579, -0.0020964453, -0.0010053242, -0.0002156882, -0.0003829153, -0.0014698931, -0.0013763572, -0.0003909642, -0.3403036577, -0.0102020165, 0.0019333834, 0.000218814, 0.0030795112, 0.0002432377, -0.0013510149, 0.0014557504, -9.61865e-05, 0.001190978, 0.0006489923, -0.570766299, -0.0171196236, 0.001603046, 0.0028268309, 0.0051486684, -0.0001519991, 0.0007029164, 0.0019258264, -0.0005518496, 0.0026619019, 0.0009829232, -0.2300103501, -0.0069409125, -0.0006642942, 0.0012848607, 0.0020949805, -0.0010051103, -0.000225084, 0.0003787387, 0.0014589219, 0.0013743313, 0.0003917409, 0.3409716098, 0.0102237007, 0.0019387985, 0.0002238051, -0.0030821291, 0.0002454184, -0.0013524746, -0.0014559403, 9.46703e-05, -0.0011996677, -0.0006524266, -0.0003172795, 0.0002089284, 0.0008457987, -0.0004228846, 0.0012474774, -0.0007005966, -0.0008474949, 0.0004201111, 0.0003193835, -0.0002082158, -0.0012497642, 0.0006920765], [-0.0626814832, -0.0017366848, 0.0014427522, -0.0010624664, 0.000886893, 0.0015866882, -0.0009637163, 0.00028648, -0.0002591044, 0.0003423099, 0.000497436, 0.5278172114, 0.0143578118, -0.0016795032, 0.0018009358, -0.0093281427, -0.0002150231, -0.0010184431, -0.0006312327, 0.0006029535, -0.0012449647, -0.0013568565, -0.4621256723, -0.0133495883, 0.0023324179, -0.0013140978, 0.0077249782, -0.0002549182, -0.0011752456, 0.0001804247, -0.0001953715, 0.0016223755, 0.0006721076, -0.0624307473, -0.0017333707, -0.0014386762, 0.0010671984, 0.0008798132, -0.0015838085, 0.0009562817, 0.0002866322, -0.0002579993, 0.0003429546, 0.0004968336, 0.5274866607, 0.0143473782, 0.0016729052, -0.0018028934, -0.0093251367, 0.0002121305, 0.0010214769, -0.0006321784, 0.0006021039, -0.0012438605, -0.00135634, -0.4623279217, -0.0133564612, -0.0023248269, 0.0013138647, 0.0077275298, 0.0002580463, 0.001176347, 0.0001803576, -0.0001960458, 0.0016227546, 0.0006734246, -0.0010666268, 0.0001527121, 0.0005859451, -1.76647e-05, -0.0001365233, -0.0001471055, 0.0005818499, -2.23272e-05, -0.0010669133, 0.0001495391, -0.0001367539, -0.000155363], [0.5721457219, 0.0155705183, 0.0013053845, 0.0022252198, -0.0100387659, -0.0002712346, -0.0007588343, -0.000753453, -0.0005436226, -0.0014114271, -0.0015761349, -0.2297150089, -0.0062812234, -0.0009835574, -0.0016749931, 0.0038236817, -0.0015942931, -0.0006934376, 0.0004956258, 7.26272e-05, 0.0007466927, 0.0009444476, -0.3402224503, -0.0098317187, 0.0017140233, 0.0017829158, 0.0056929018, -0.0001933956, 0.0015919747, 0.0001353901, 0.0002642303, 0.0011910991, 0.0004964408, 0.5725331743, 0.0155823322, -0.0013090239, -0.0022151115, -0.0100582266, 0.000274791, 0.0007677361, -0.000751933, -0.0005474448, -0.0014083991, -0.0015772029, -0.2306099996, -0.00630868, 0.0009875338, 0.0016803986, 0.0038488785, 0.0016011639, 0.0006905007, 0.000496176, 7.74312e-05, 0.000747818, 0.0009470515, -0.3395569333, -0.009815378, -0.0017134005, -0.0017891534, 0.0056697389, 0.0001888345, -0.001595129, 0.0001356054, 0.000265695, 0.0011910899, 0.0004943077, 0.0001935462, -0.0002053214, 0.000431525, -1.23589e-05, -0.001072949, 0.0002075394, 0.0004303536, -1.249e-05, 0.0001928858, -0.0002062253, -0.0010760877, 0.0002064022], [0.4078915934, 0.010306735, 0.0008938095, 0.0012351941, -0.0158121844, -0.0020317446, -0.003562758, -5.94122e-05, -2.74737e-05, -7.48307e-05, -0.0013231034, -0.4074473753, -0.0102847133, 0.0008899277, -0.0012345558, 0.0158196814, -0.0020295217, 0.0035673845, 5.82436e-05, -3.10136e-05, 7.52274e-05, 0.0013238127, 0.4070102082, 0.0102061062, -0.0013699501, 2.1728e-06, -0.0157727433, 0.0041343305, 4.2352e-06, -0.000119152, -1.0934e-06, -0.000118058, -0.0014078732, -0.4070100159, -0.010268902, 0.0008910499, 0.0012321642, 0.0158123916, -0.0020304085, -0.0035692231, 5.7838e-05, 3.18015e-05, 7.53161e-05, 0.0013210112, 0.4072327496, 0.0102892183, 0.0008920698, -0.0012328479, -0.0158094338, -0.0020264952, 0.0035649237, -5.82309e-05, 2.38699e-05, -7.30022e-05, -0.001320473, -0.4077062015, -0.0102178206, -0.0013733158, -1.363e-06, 0.0157874565, 0.0041323571, 2.2592e-06, 0.0001203623, -7.239e-07, 0.0001186831, 0.0014074521, 0.0013364938, 0.0011866925, -0.0014614677, -0.0011761049, 0.0013373518, 0.0011905427, 0.0014648422, 0.0011775429, -0.0013258278, -0.0011834497, -0.0013288072, -0.0011842032], [-0.0890624685, 0.173552509, 0.0285521873, 0.0509981026, 0.1109973481, 0.0035100263, 0.0065494996, 0.0074845808, -0.0024179329, 0.006479356, -0.0072029226, -0.0890168655, 0.1735496113, -0.0285595405, 0.0509937853, 0.1109947622, -0.0035433859, 0.0065426404, 0.0074866182, 0.0024146856, 0.0064776397, -0.0072023521, -0.0914464653, 0.1741720167, -0.0590871204, -2.9609e-06, 0.1112295375, -0.0076569496, -1.37737e-05, 0.0065064626, 1.2666e-06, 0.0081797674, -0.0070126174, -0.0890162232, 0.1735460211, -0.0285561233, -0.0510039678, 0.110993058, -0.003518149, -0.0065565381, 0.0074836283, -0.0024174259, 0.0064755675, -0.0072073051, -0.0890634089, 0.1735485457, 0.0285526363, -0.0510102514, 0.1110005847, 0.0035340708, -0.006555353, 0.0074829085, 0.0024167755, 0.0064758175, -0.0072039351, -0.0914409011, 0.1741798122, 0.0590916382, 9.494e-07, 0.1112307903, 0.0076569511, 4.7669e-06, 0.006508443, -1.3041e-06, 0.0081811659, -0.0070117073, 0.0355936052, 0.0049875412, 0.0358890011, 0.0047456372, 0.0355900341, 0.0049835154, 0.0358928839, 0.0047402155, 0.0355865737, 0.0049842011, 0.0355966975, 0.0049829556], [-0.0129454683, 0.0249709976, 0.0989023468, -0.0543324793, 0.0194770829, 0.0164458504, -0.0100688652, 0.00997397, 0.0061960559, -0.0083135986, -0.0008442249, -0.1160757122, 0.222509405, 0.0293013688, 0.0423681729, 0.1734109314, 0.008787607, 0.00065329, 0.0038583053, 0.0041592787, 0.011823453, -0.0070591873, -0.1030619339, 0.1975829978, -0.0199211245, -0.0672713682, 0.1539071262, 0.0032682286, -0.0115109345, 0.0072610902, 0.0076331456, 0.0073173296, -0.0066166622, 0.0129423173, -0.0249688811, 0.0988965982, -0.0543287976, -0.0194785571, 0.0164450669, -0.0100700293, -0.0099741816, -0.0061977374, 0.0083101629, 0.0008414301, 0.116064016, -0.2225021123, 0.029301299, 0.0423708555, -0.1734070192, 0.0087897992, 0.0006529808, -0.003854968, -0.004160618, -0.0118221316, 0.00705945, 0.1030698724, -0.1975831539, -0.0199204194, -0.0672654053, -0.1539094007, 0.0032712002, -0.0115061318, -0.0072619462, -0.00763307, -0.0073190614, 0.0066155064, 0.0712310926, 0.015606862, 0.0634089734, 0.0137777641, -0.0079700974, -0.0017588794, -0.0634112046, -0.0137779201, -0.0712268565, -0.015603008, 0.0079652798, 0.0017596324], [0.1264615279, -0.2425247465, -0.0017570262, -0.0267016467, -0.1890137758, 0.0038322236, 0.0026335537, -0.0073496807, 0.0023361984, -0.0097082624, 0.0077104624, 0.0518927073, -0.0996581149, 0.0944791849, 0.0432377694, -0.0776922432, 0.0144035036, 0.0103853652, -0.0117756841, 0.0051503914, 0.0048505156, 0.0032143203, -0.0745470781, 0.1428993281, -0.0144131533, 0.0930131665, 0.1113144559, 0.0023615778, 0.0159058874, 0.0052491658, -0.0105533464, 0.0052935636, -0.0047861112, -0.1264855396, 0.2425386669, -0.0017601599, -0.0267036112, 0.1890275633, 0.0038305451, 0.0026254172, 0.0073488922, -0.0023350143, 0.0097071854, -0.0077131085, -0.0519074285, 0.0996790431, 0.0944759991, 0.043235733, 0.0777018969, 0.0144038722, 0.0103896383, 0.0117718715, -0.0051505446, -0.0048548845, -0.0032173104, 0.0745319438, -0.1428872748, -0.014408624, 0.0930168091, -0.11130602, 0.002357883, 0.0159132338, -0.0052521904, 0.0105530615, -0.0052956266, 0.0047836169, -0.0318765325, -0.0069912991, 0.0458568635, 0.0099641433, 0.0776322236, 0.0170159565, -0.0458598326, -0.0099700336, 0.0318823179, 0.0069898492, -0.0776287617, -0.0170098121], [-0.0974045226, 0.1940281498, -0.0042206255, -0.073360259, 0.1635256989, -0.0203199032, -0.0519821303, 0.0057229959, 0.006431169, 0.0090406976, -0.0038777259, 0.0350177509, -0.0687982981, -0.1782883858, -0.0752192753, -0.0581278257, -0.0519178259, -0.007021753, 0.0061704782, -0.0045261978, -0.0118557871, 0.0012476844, 0.0629755117, -0.1239155443, -0.0429581268, 0.1585062828, -0.1048084183, -0.0357915725, 0.0400141121, -0.0081119733, -0.0111609889, -0.0013923802, 0.0023057271, -0.0974010792, 0.1940316028, 0.0042216462, 0.0733537, 0.1635303835, 0.0203160703, 0.0519780289, 0.0057212071, 0.0064316982, 0.0090365089, -0.0038808186, 0.0350221265, -0.0688010812, 0.1782882375, 0.0752252577, -0.0581321897, 0.0519090568, 0.0070132047, 0.0061686195, -0.0045247081, -0.0118534774, 0.0012482407, 0.0629936039, -0.1239245951, 0.0429555758, -0.1585056882, -0.1048181095, 0.0357855737, -0.0400144844, -0.0081083032, -0.0111620668, -0.0013915587, 0.0023084372, -0.0401669661, -0.0128733089, -0.0723353003, -0.0231552822, 0.1123592944, 0.0354564961, -0.0723350999, -0.0231568267, -0.040167917, -0.0128666813, 0.1123632194, 0.035449628], [0.0161557718, -0.0312218162, 0.1810026935, -0.0914456927, -0.0264699631, 0.0488549949, -0.0175945594, 0.0074378311, 0.0059067767, -0.0102769914, 0.0004913051, -0.0923168259, 0.1840939492, -0.0314902048, -0.0899195575, 0.1551141465, 0.0102961769, -0.0544404127, 0.0070752781, -0.0074712165, 0.0068357418, -0.0037080747, 0.0768932349, -0.1512641714, -0.0524405784, -0.1298504573, -0.1279341715, -0.0436994606, -0.0327912157, -0.0099034946, 0.0091431325, -0.0017011915, 0.0028130214, 0.0161682932, -0.0312179455, -0.1810058979, 0.0914328186, -0.0264657569, -0.0488606961, 0.0175845307, 0.0074382043, 0.0059069907, -0.0102797836, 0.000490683, -0.0923186899, 0.1841021653, 0.03148111, 0.0899085358, 0.1551206044, -0.0103051235, 0.0544387504, 0.0070726723, -0.0074680787, 0.0068379178, -0.0037102323, 0.0768788062, -0.1512546367, 0.052439691, 0.1298577084, -0.1279264396, 0.0437029759, 0.032787687, -0.0099029065, 0.0091418981, -0.0017022249, 0.0028126907, 0.1065354082, 0.0335719889, -0.0882986211, -0.0282645855, -0.0184251479, -0.0060129818, -0.0882950784, -0.0282591688, 0.1065332331, 0.0335694131, -0.0184211879, -0.0060147304], [0.00514775, -0.0122147706, 0.0970518557, 0.1687132893, -0.0313978924, 0.0353573868, 0.0611799692, -0.0030583824, -0.0008829052, -0.0053321074, 0.0008793873, 0.0051472019, -0.0122224956, -0.0970620326, 0.1687164269, -0.0314155819, -0.0353757165, 0.061174242, -0.0030600079, 0.0008806798, -0.0053333019, 0.0008775683, 0.0044597087, -0.0110659353, -0.1937624376, 5.691e-07, -0.0302216983, -0.0700797854, -1.52856e-05, -0.0063379377, -7.97e-07, -0.0026040384, 0.0009392877, 0.005150324, -0.0122161588, -0.0970519949, -0.1687130573, -0.0314010201, -0.0353594708, -0.06118406, -0.0030583165, -0.0008827323, -0.00533202, 0.0008787908, 0.0051560379, -0.0122172385, 0.0970566926, -0.1687048059, -0.0314124917, 0.0353715899, -0.0611684091, -0.0030591999, 0.0008795801, -0.0053342485, 0.0008788455, 0.0044494486, -0.0110705482, 0.1937649273, -1.9993e-06, -0.0302297681, 0.0700792792, 7.7295e-06, -0.0063374232, -9.167e-07, -0.0026039977, 0.0009398892, -0.1105280385, -0.0683553454, -0.1096968742, -0.067917091, -0.1105262924, -0.068347386, -0.1096999532, -0.0679133195, -0.1105201452, -0.0683483394, -0.1105240222, -0.0683499611], [-0.0508455372, 0.1102091422, -0.0671112678, -0.1161159879, 0.0583591572, -0.0637487646, -0.1104713692, -0.0026913287, 0.0152914475, 0.0127324851, -0.0039184322, 0.0508369513, -0.1102120814, -0.0671053232, 0.116093254, -0.0583659076, -0.0637465494, 0.1104549472, 0.0026889468, 0.0152875571, -0.0127334827, 0.0039175009, -0.0509897702, 0.1100179794, 0.1341268272, 5.7602e-06, 0.0582378628, 0.1275699491, -3.5012e-06, 0.0202153561, 2.0706e-06, -0.0101521518, -0.0039420302, 0.0508570521, -0.1102033975, -0.0671081269, -0.1161108388, -0.0583586547, -0.0637445666, -0.1104688326, 0.0026862373, -0.0152879978, -0.0127357026, 0.0039160668, -0.0508466099, 0.1102153373, -0.0671059339, 0.1161002213, 0.0583704632, -0.063748612, 0.1104560871, -0.0026907192, -0.0152872019, 0.0127313868, -0.0039183358, 0.0509817999, -0.1100120743, 0.1341188069, 5.8389e-06, -0.0582345245, 0.1275686257, -4.3155e-06, -0.0202197204, -8.123e-07, 0.0101498661, 0.0039395741, -0.1356271557, -0.0694328436, 0.1355358505, 0.0694867235, -0.1356328228, -0.0694371044, -0.1355317461, -0.0694825633, 0.135627836, 0.0694372926, 0.1356324064, 0.0694370969], [-0.0002014753, 0.0009768263, 0.2368264982, -0.1361170232, 0.0009210241, 0.0820558477, -0.0472059974, 0.0062020045, 0.0066833225, -0.0071953775, 0.0002643746, -0.0002128863, 0.0009798202, -0.2368287722, -0.1361139386, 0.0009404597, -0.0820741916, -0.0471984203, 0.0062001853, -0.0066868095, -0.0071979459, 0.0002630299, 1.8694e-06, 2.4378e-06, -1.6639e-06, 0.2720574113, -5.163e-07, -5.1014e-06, 0.0948233972, -2.1835e-06, -0.0121238937, -2.3529e-06, -2.8753e-06, 0.0002207182, -0.0009714172, 0.2368289405, -0.1361116067, -0.0009158759, 0.0820553176, -0.0472046164, -0.0062032077, -0.0066854511, 0.0071959702, -0.0002682072, 0.0002051719, -0.0009737468, -0.2368290153, -0.1361232352, -0.0009471622, -0.0820720397, -0.0472022323, -0.006205992, 0.0066836882, 0.0071947028, -0.000267108, -3.6442e-06, 1.06007e-05, -6.3752e-06, 0.2720603693, 7.0603e-06, -1.52821e-05, 0.094826905, -6.9e-09, 0.0121232714, -3.1964e-06, -1.6589e-06, 0.000156544, -0.0001572311, -1.1418e-06, 3.4565e-06, -0.0001598137, 0.0001497026, 3.5782e-06, -7.8855e-06, -0.0001653359, 0.0001494656, 0.0001585588, -0.0001576668], [-0.0019306636, 0.0033717831, 0.083471788, -0.0238163116, 0.0027212172, 0.0333945318, -0.0084573349, 0.0117510911, 0.0072567896, -0.0127329556, -0.000115276, -0.023978989, 0.0402658714, -0.1010108462, 0.2488632402, 0.0327122867, -0.0462033364, 0.1091412, -0.0058083907, 0.013344603, -0.006413687, 0.0002442954, -0.0220196475, 0.037000995, -0.244550682, -0.0475018637, 0.0300461937, -0.1080914038, -0.018634764, -0.0160586677, 0.0089354179, 0.00461833, 0.0002786696, 0.0019256804, -0.0033519181, 0.0834720564, -0.0238047538, -0.0027115488, 0.0333934436, -0.0084483397, -0.0117600166, -0.0072559099, 0.0127262827, 0.0001065688, 0.0239783317, -0.0402436608, -0.1010128505, 0.2488550942, -0.0326964585, -0.0462088964, 0.1091394511, 0.0058039881, -0.0133459265, 0.0064077133, -0.0002522563, 0.0220062593, -0.0369857164, -0.2445534713, -0.0474918625, -0.0300370097, -0.1080987389, -0.0186335538, 0.0160531123, -0.0089370277, -0.0046230481, -0.0002854991, -0.1457388903, -0.1153515867, -0.1341193132, -0.106063904, 0.0115631644, 0.0091803578, 0.1341264634, 0.1060597407, 0.145741053, 0.1153397425, -0.0115568052, -0.009183255], [-0.0265926039, 0.0446976437, 0.1420781558, 0.2584388077, 0.036307251, 0.0630711232, 0.1141302639, -0.0015638637, -0.0114733804, -0.0119874702, 0.0002202894, -0.0116573677, 0.0196931591, -0.1302023032, 0.0736889851, 0.0159964442, -0.0543942707, 0.0344706971, 0.0103374143, -0.002483862, -0.0162691957, -2.21199e-05, 0.0149057706, -0.025056545, 0.1657086009, -0.0700846632, -0.0203546671, 0.0732514556, -0.027482171, 0.0108770462, 0.013188031, -0.0031347677, -0.0001931298, 0.026570721, -0.044684002, 0.1420709734, 0.2584443603, -0.0362996106, 0.0630716763, 0.1141411507, 0.0015602886, 0.0114713838, 0.0119808007, -0.0002248845, 0.0116307978, -0.0196775174, -0.1301992662, 0.0736942876, -0.0159828347, -0.0543965627, 0.0344717929, -0.0103415454, 0.0024816835, 0.016264906, 1.65704e-05, -0.0149044407, 0.0250617338, 0.1657095244, -0.0700841524, 0.020361104, 0.0732515893, -0.0274850489, -0.0108785048, -0.0131899368, 0.0031318362, 0.0001901967, -0.0706164714, -0.0559292094, 0.0908857338, 0.0718604888, 0.1615309642, 0.1278509081, -0.090890939, -0.0718625311, 0.0706215535, 0.0559265896, -0.1615276308, -0.1278624595], [0.0101880285, -0.016386416, -0.1227506916, -0.1869141971, 0.0015751515, -0.0709890326, -0.1110853946, -0.0049727036, 0.0215230523, 0.0175557597, -0.0035003728, -0.0045287926, 0.0068803802, 0.1437691236, 0.2011301427, -0.0012226465, 0.0605036385, 0.1044999465, -0.0085064742, 0.0183823438, 0.0032261448, 0.0015242316, -0.0054328175, 0.008722373, -0.1214412006, -0.2122200451, -0.000863527, -0.0714942886, -0.0987195057, -0.015625643, 0.0151249372, 0.0089236133, 0.0019005678, 0.0101910116, -0.0163881127, 0.1227455003, 0.1869164191, 0.0015727635, 0.0709765773, 0.1110916772, -0.0049706076, 0.0215215426, 0.0175541478, -0.0035011461, -0.0045250196, 0.0068751515, -0.1437653039, -0.2011352846, -0.0012323938, -0.0605082435, -0.1045055193, -0.0085054408, 0.0183809053, 0.0032295112, 0.0015261754, -0.0054286656, 0.008719226, 0.1214473785, 0.2122175853, -0.0008738421, 0.0714965764, 0.0987259554, -0.015622518, 0.0151269402, 0.008925277, 0.0019019894, -0.0729356616, -0.0677746269, -0.0864616157, -0.0805648768, 0.1588743487, 0.1483815371, -0.0864680722, -0.0805673438, -0.0729380616, -0.0677773989, 0.1588761205, 0.1483808804], [-0.0003668505, 0.0001465339, -0.213291079, 0.1362166706, -0.0006317361, -0.0985008144, 0.0644553492, -0.0115851566, -0.0104433591, 0.0114820431, 9.0929e-05, 0.0091351017, -0.014874514, 0.1997276268, -0.1141829326, 0.0011812493, 0.1052548408, -0.0746551032, -0.0093019362, -0.0153101283, 0.0207264644, -0.003152051, -0.0084136025, 0.0135128334, -0.1882050338, 0.1369432274, -0.0013608949, -0.1107900225, 0.0636951908, -0.0242102908, -0.0097616729, 0.0138330178, 0.0029522596, -0.0003641663, 0.0001449906, 0.2132998745, -0.1362192377, -0.0006306677, 0.0985102996, -0.0644517336, -0.0115860582, -0.0104444103, 0.0114826574, 9.26929e-05, 0.0091252085, -0.0148726744, -0.1997339299, 0.1141821031, 0.001180457, -0.1052572821, 0.0746523957, -0.009302005, -0.0153119492, 0.0207272147, -0.0031519716, -0.0084170572, 0.0135098577, 0.1881998463, -0.1369404321, -0.0013627819, 0.1107870203, -0.0636972694, -0.0242109607, -0.0097615766, 0.013832738, 0.002951494, 0.1413843421, 0.1321955766, -0.1339944011, -0.1248459321, -0.0082053952, -0.0072955111, -0.133990498, -0.1248424261, 0.1413909136, 0.1322027435, -0.0082049211, -0.0072864363], [0.4085948789, 0.2857524225, 0.0119972251, 0.0041361225, 0.4085939292, 0.2857544562, -0.0119977544, 0.0041362915], [0.4086118268, 0.2857456139, -0.009624416, 0.0083855968, 0.4085734945, 0.2857380967, 0.0025019087, -0.0125160948], [0.4085731643, 0.2857345261, -0.0025007931, -0.0125164922, 0.4086135298, 0.2857459254, 0.0096244879, 0.0083853356], [0.4085595409, 0.2857485884, -0.002501918, 0.0125126345, 0.4085981851, 0.2857585134, 0.0096223335, -0.0083836167], [0.4085593312, 0.2857495587, 0.0024998813, 0.012513264, 0.4085974548, 0.2857580828, -0.0096222013, -0.0083842035], [0.4085809529, 0.2857670475, -0.0119936876, -0.0041395193, 0.4085799871, 0.2857654773, 0.0119942514, -0.0041341781]] [[1, 2, 3, 4, 6, 7, 8, 10, 11, 13, 15, 16, 17, 18, 19, 21, 22, 23, 25, 26, 28, 30, 31, 32, 33, 34, 36, 37, 38, 40, 41, 43, 45, 46, 47, 48, 49, 51, 52, 53, 55, 56, 58, 60, 61, 62, 63, 64, 66, 67, 68, 70, 71, 73, 75, 76, 77, 78, 79, 81, 82, 83, 85, 86, 88, 90, 91, 92, 93, 94, 95, 96, 97, 98, 99, 100, 101, 102], [1, 2, 3, 4, 6, 7, 8, 10, 11, 13, 15, 16, 17, 18, 19, 21, 22, 23, 25, 26, 28, 30, 31, 32, 33, 34, 36, 37, 38, 40, 41, 43, 45, 46, 47, 48, 49, 51, 52, 53, 55, 56, 58, 60, 61, 62, 63, 64, 66, 67, 68, 70, 71, 73, 75, 76, 77, 78, 79, 81, 82, 83, 85, 86, 88, 90, 91, 92, 93, 94, 95, 96, 97, 98, 99, 100, 101, 102], [1, 2, 3, 4, 6, 7, 8, 10, 11, 13, 15, 16, 17, 18, 19, 21, 22, 23, 25, 26, 28, 30, 31, 32, 33, 34, 36, 37, 38, 40, 41, 43, 45, 46, 47, 48, 49, 51, 52, 53, 55, 56, 58, 60, 61, 62, 63, 64, 66, 67, 68, 70, 71, 73, 75, 76, 77, 78, 79, 81, 82, 83, 85, 86, 88, 90, 91, 92, 93, 94, 95, 96, 97, 98, 99, 100, 101, 102], [1, 2, 3, 4, 6, 7, 8, 10, 11, 13, 15, 16, 17, 18, 19, 21, 22, 23, 25, 26, 28, 30, 31, 32, 33, 34, 36, 37, 38, 40, 41, 43, 45, 46, 47, 48, 49, 51, 52, 53, 55, 56, 58, 60, 61, 62, 63, 64, 66, 67, 68, 70, 71, 73, 75, 76, 77, 78, 79, 81, 82, 83, 85, 86, 88, 90, 91, 92, 93, 94, 95, 96, 97, 98, 99, 100, 101, 102], [1, 2, 3, 4, 6, 7, 8, 10, 11, 13, 15, 16, 17, 18, 19, 21, 22, 23, 25, 26, 28, 30, 31, 32, 33, 34, 36, 37, 38, 40, 41, 43, 45, 46, 47, 48, 49, 51, 52, 53, 55, 56, 58, 60, 61, 62, 63, 64, 66, 67, 68, 70, 71, 73, 75, 76, 77, 78, 79, 81, 82, 83, 85, 86, 88, 90, 91, 92, 93, 94, 95, 96, 97, 98, 99, 100, 101, 102], [1, 2, 3, 4, 6, 7, 8, 10, 11, 13, 15, 16, 17, 18, 19, 21, 22, 23, 25, 26, 28, 30, 31, 32, 33, 34, 36, 37, 38, 40, 41, 43, 45, 46, 47, 48, 49, 51, 52, 53, 55, 56, 58, 60, 61, 62, 63, 64, 66, 67, 68, 70, 71, 73, 75, 76, 77, 78, 79, 81, 82, 83, 85, 86, 88, 90, 91, 92, 93, 94, 95, 96, 97, 98, 99, 100, 101, 102], [1, 2, 3, 4, 6, 7, 8, 10, 11, 13, 15, 16, 17, 18, 19, 21, 22, 23, 25, 26, 28, 30, 31, 32, 33, 34, 36, 37, 38, 40, 41, 43, 45, 46, 47, 48, 49, 51, 52, 53, 55, 56, 58, 60, 61, 62, 63, 64, 66, 67, 68, 70, 71, 73, 75, 76, 77, 78, 79, 81, 82, 83, 85, 86, 88, 90, 91, 92, 93, 94, 95, 96, 97, 98, 99, 100, 101, 102], [1, 2, 3, 4, 6, 7, 8, 10, 11, 13, 15, 16, 17, 18, 19, 21, 22, 23, 25, 26, 28, 30, 31, 32, 33, 34, 36, 37, 38, 40, 41, 43, 45, 46, 47, 48, 49, 51, 52, 53, 55, 56, 58, 60, 61, 62, 63, 64, 66, 67, 68, 70, 71, 73, 75, 76, 77, 78, 79, 81, 82, 83, 85, 86, 88, 90, 91, 92, 93, 94, 95, 96, 97, 98, 99, 100, 101, 102], [1, 2, 3, 4, 6, 7, 8, 10, 11, 13, 15, 16, 17, 18, 19, 21, 22, 23, 25, 26, 28, 30, 31, 32, 33, 34, 36, 37, 38, 40, 41, 43, 45, 46, 47, 48, 49, 51, 52, 53, 55, 56, 58, 60, 61, 62, 63, 64, 66, 67, 68, 70, 71, 73, 75, 76, 77, 78, 79, 81, 82, 83, 85, 86, 88, 90, 91, 92, 93, 94, 95, 96, 97, 98, 99, 100, 101, 102], [1, 2, 3, 4, 6, 7, 8, 10, 11, 13, 15, 16, 17, 18, 19, 21, 22, 23, 25, 26, 28, 30, 31, 32, 33, 34, 36, 37, 38, 40, 41, 43, 45, 46, 47, 48, 49, 51, 52, 53, 55, 56, 58, 60, 61, 62, 63, 64, 66, 67, 68, 70, 71, 73, 75, 76, 77, 78, 79, 81, 82, 83, 85, 86, 88, 90, 91, 92, 93, 94, 95, 96, 97, 98, 99, 100, 101, 102], [1, 2, 3, 4, 6, 7, 8, 10, 11, 13, 15, 16, 17, 18, 19, 21, 22, 23, 25, 26, 28, 30, 31, 32, 33, 34, 36, 37, 38, 40, 41, 43, 45, 46, 47, 48, 49, 51, 52, 53, 55, 56, 58, 60, 61, 62, 63, 64, 66, 67, 68, 70, 71, 73, 75, 76, 77, 78, 79, 81, 82, 83, 85, 86, 88, 90, 91, 92, 93, 94, 95, 96, 97, 98, 99, 100, 101, 102], [1, 2, 3, 4, 6, 7, 8, 10, 11, 13, 15, 16, 17, 18, 19, 21, 22, 23, 25, 26, 28, 30, 31, 32, 33, 34, 36, 37, 38, 40, 41, 43, 45, 46, 47, 48, 49, 51, 52, 53, 55, 56, 58, 60, 61, 62, 63, 64, 66, 67, 68, 70, 71, 73, 75, 76, 77, 78, 79, 81, 82, 83, 85, 86, 88, 90, 91, 92, 93, 94, 95, 96, 97, 98, 99, 100, 101, 102], [1, 2, 3, 4, 6, 7, 8, 10, 11, 13, 15, 16, 17, 18, 19, 21, 22, 23, 25, 26, 28, 30, 31, 32, 33, 34, 36, 37, 38, 40, 41, 43, 45, 46, 47, 48, 49, 51, 52, 53, 55, 56, 58, 60, 61, 62, 63, 64, 66, 67, 68, 70, 71, 73, 75, 76, 77, 78, 79, 81, 82, 83, 85, 86, 88, 90, 91, 92, 93, 94, 95, 96, 97, 98, 99, 100, 101, 102], [1, 2, 3, 4, 6, 7, 8, 10, 11, 13, 15, 16, 17, 18, 19, 21, 22, 23, 25, 26, 28, 30, 31, 32, 33, 34, 36, 37, 38, 40, 41, 43, 45, 46, 47, 48, 49, 51, 52, 53, 55, 56, 58, 60, 61, 62, 63, 64, 66, 67, 68, 70, 71, 73, 75, 76, 77, 78, 79, 81, 82, 83, 85, 86, 88, 90, 91, 92, 93, 94, 95, 96, 97, 98, 99, 100, 101, 102], [1, 2, 3, 4, 6, 7, 8, 10, 11, 13, 15, 16, 17, 18, 19, 21, 22, 23, 25, 26, 28, 30, 31, 32, 33, 34, 36, 37, 38, 40, 41, 43, 45, 46, 47, 48, 49, 51, 52, 53, 55, 56, 58, 60, 61, 62, 63, 64, 66, 67, 68, 70, 71, 73, 75, 76, 77, 78, 79, 81, 82, 83, 85, 86, 88, 90, 91, 92, 93, 94, 95, 96, 97, 98, 99, 100, 101, 102], [1, 2, 3, 4, 6, 7, 8, 10, 11, 13, 15, 16, 17, 18, 19, 21, 22, 23, 25, 26, 28, 30, 31, 32, 33, 34, 36, 37, 38, 40, 41, 43, 45, 46, 47, 48, 49, 51, 52, 53, 55, 56, 58, 60, 61, 62, 63, 64, 66, 67, 68, 70, 71, 73, 75, 76, 77, 78, 79, 81, 82, 83, 85, 86, 88, 90, 91, 92, 93, 94, 95, 96, 97, 98, 99, 100, 101, 102], [1, 2, 3, 4, 6, 7, 8, 10, 11, 13, 15, 16, 17, 18, 19, 21, 22, 23, 25, 26, 28, 30, 31, 32, 33, 34, 36, 37, 38, 40, 41, 43, 45, 46, 47, 48, 49, 51, 52, 53, 55, 56, 58, 60, 61, 62, 63, 64, 66, 67, 68, 70, 71, 73, 75, 76, 77, 78, 79, 81, 82, 83, 85, 86, 88, 90, 91, 92, 93, 94, 95, 96, 97, 98, 99, 100, 101, 102], [1, 2, 3, 4, 6, 7, 8, 10, 11, 13, 15, 16, 17, 18, 19, 21, 22, 23, 25, 26, 28, 30, 31, 32, 33, 34, 36, 37, 38, 40, 41, 43, 45, 46, 47, 48, 49, 51, 52, 53, 55, 56, 58, 60, 61, 62, 63, 64, 66, 67, 68, 70, 71, 73, 75, 76, 77, 78, 79, 81, 82, 83, 85, 86, 88, 90, 91, 92, 93, 94, 95, 96, 97, 98, 99, 100, 101, 102], [5, 9, 12, 14, 20, 24, 27, 29], [35, 39, 42, 44, 50, 54, 57, 59], [65, 69, 72, 74, 80, 84, 87, 89], [5, 9, 12, 14, 80, 84, 87, 89], [20, 24, 27, 29, 35, 39, 42, 44], [50, 54, 57, 59, 65, 69, 72, 74]]
============================
|  Largest CAS orb number,  24 , is used as offset for the  1 - 24  VB orbitals      
|  hence VB orb are now numbered from  25  to  48  and written in  b_d_cas_overl.orb
-------------------------------------------------
| Multiplicity is  1
|  filling the  b_d_cas_overl.xmi  xmi input file 
|  OVER_aos [[1, 2, 3, 4, 5, 6, 7, 8, 9, 10, 11, 12, 13, 14, 15, 16, 17, 18, 19, 20, 21, 22, 23, 24, 25, 26, 27, 28, 29, 30, 31, 32, 33, 34, 35, 36, 37, 38, 39, 40, 41, 42, 43, 44, 45, 46, 47, 48, 49, 50, 51, 52, 53, 54, 55, 56, 57, 58, 59, 60, 61, 62, 63, 64, 65, 66, 67, 68, 69, 70, 71, 72, 73, 74, 75, 76, 77, 78, 79, 80, 81, 82, 83, 84, 85, 86, 87, 88, 89, 90, 91, 92, 93, 94, 95, 96, 97, 98, 99, 100, 101, 102], [1, 2, 3, 4, 5, 6, 7, 8, 9, 10, 11, 12, 13, 14, 15, 16, 17, 18, 19, 20, 21, 22, 23, 24, 25, 26, 27, 28, 29, 30, 31, 32, 33, 34, 35, 36, 37, 38, 39, 40, 41, 42, 43, 44, 45, 46, 47, 48, 49, 50, 51, 52, 53, 54, 55, 56, 57, 58, 59, 60, 61, 62, 63, 64, 65, 66, 67, 68, 69, 70, 71, 72, 73, 74, 75, 76, 77, 78, 79, 80, 81, 82, 83, 84, 85, 86, 87, 88, 89, 90, 91, 92, 93, 94, 95, 96, 97, 98, 99, 100, 101, 102], [1, 2, 3, 4, 5, 6, 7, 8, 9, 10, 11, 12, 13, 14, 15, 16, 17, 18, 19, 20, 21, 22, 23, 24, 25, 26, 27, 28, 29, 30, 31, 32, 33, 34, 35, 36, 37, 38, 39, 40, 41, 42, 43, 44, 45, 46, 47, 48, 49, 50, 51, 52, 53, 54, 55, 56, 57, 58, 59, 60, 61, 62, 63, 64, 65, 66, 67, 68, 69, 70, 71, 72, 73, 74, 75, 76, 77, 78, 79, 80, 81, 82, 83, 84, 85, 86, 87, 88, 89, 90, 91, 92, 93, 94, 95, 96, 97, 98, 99, 100, 101, 102], [1, 2, 3, 4, 5, 6, 7, 8, 9, 10, 11, 12, 13, 14, 15, 16, 17, 18, 19, 20, 21, 22, 23, 24, 25, 26, 27, 28, 29, 30, 31, 32, 33, 34, 35, 36, 37, 38, 39, 40, 41, 42, 43, 44, 45, 46, 47, 48, 49, 50, 51, 52, 53, 54, 55, 56, 57, 58, 59, 60, 61, 62, 63, 64, 65, 66, 67, 68, 69, 70, 71, 72, 73, 74, 75, 76, 77, 78, 79, 80, 81, 82, 83, 84, 85, 86, 87, 88, 89, 90, 91, 92, 93, 94, 95, 96, 97, 98, 99, 100, 101, 102], [1, 2, 3, 4, 5, 6, 7, 8, 9, 10, 11, 12, 13, 14, 15, 16, 17, 18, 19, 20, 21, 22, 23, 24, 25, 26, 27, 28, 29, 30, 31, 32, 33, 34, 35, 36, 37, 38, 39, 40, 41, 42, 43, 44, 45, 46, 47, 48, 49, 50, 51, 52, 53, 54, 55, 56, 57, 58, 59, 60, 61, 62, 63, 64, 65, 66, 67, 68, 69, 70, 71, 72, 73, 74, 75, 76, 77, 78, 79, 80, 81, 82, 83, 84, 85, 86, 87, 88, 89, 90, 91, 92, 93, 94, 95, 96, 97, 98, 99, 100, 101, 102], [1, 2, 3, 4, 5, 6, 7, 8, 9, 10, 11, 12, 13, 14, 15, 16, 17, 18, 19, 20, 21, 22, 23, 24, 25, 26, 27, 28, 29, 30, 31, 32, 33, 34, 35, 36, 37, 38, 39, 40, 41, 42, 43, 44, 45, 46, 47, 48, 49, 50, 51, 52, 53, 54, 55, 56, 57, 58, 59, 60, 61, 62, 63, 64, 65, 66, 67, 68, 69, 70, 71, 72, 73, 74, 75, 76, 77, 78, 79, 80, 81, 82, 83, 84, 85, 86, 87, 88, 89, 90, 91, 92, 93, 94, 95, 96, 97, 98, 99, 100, 101, 102], [1, 2, 3, 4, 5, 6, 7, 8, 9, 10, 11, 12, 13, 14, 15, 16, 17, 18, 19, 20, 21, 22, 23, 24, 25, 26, 27, 28, 29, 30, 31, 32, 33, 34, 35, 36, 37, 38, 39, 40, 41, 42, 43, 44, 45, 46, 47, 48, 49, 50, 51, 52, 53, 54, 55, 56, 57, 58, 59, 60, 61, 62, 63, 64, 65, 66, 67, 68, 69, 70, 71, 72, 73, 74, 75, 76, 77, 78, 79, 80, 81, 82, 83, 84, 85, 86, 87, 88, 89, 90, 91, 92, 93, 94, 95, 96, 97, 98, 99, 100, 101, 102], [1, 2, 3, 4, 5, 6, 7, 8, 9, 10, 11, 12, 13, 14, 15, 16, 17, 18, 19, 20, 21, 22, 23, 24, 25, 26, 27, 28, 29, 30, 31, 32, 33, 34, 35, 36, 37, 38, 39, 40, 41, 42, 43, 44, 45, 46, 47, 48, 49, 50, 51, 52, 53, 54, 55, 56, 57, 58, 59, 60, 61, 62, 63, 64, 65, 66, 67, 68, 69, 70, 71, 72, 73, 74, 75, 76, 77, 78, 79, 80, 81, 82, 83, 84, 85, 86, 87, 88, 89, 90, 91, 92, 93, 94, 95, 96, 97, 98, 99, 100, 101, 102], [1, 2, 3, 4, 5, 6, 7, 8, 9, 10, 11, 12, 13, 14, 15, 16, 17, 18, 19, 20, 21, 22, 23, 24, 25, 26, 27, 28, 29, 30, 31, 32, 33, 34, 35, 36, 37, 38, 39, 40, 41, 42, 43, 44, 45, 46, 47, 48, 49, 50, 51, 52, 53, 54, 55, 56, 57, 58, 59, 60, 61, 62, 63, 64, 65, 66, 67, 68, 69, 70, 71, 72, 73, 74, 75, 76, 77, 78, 79, 80, 81, 82, 83, 84, 85, 86, 87, 88, 89, 90, 91, 92, 93, 94, 95, 96, 97, 98, 99, 100, 101, 102], [1, 2, 3, 4, 5, 6, 7, 8, 9, 10, 11, 12, 13, 14, 15, 16, 17, 18, 19, 20, 21, 22, 23, 24, 25, 26, 27, 28, 29, 30, 31, 32, 33, 34, 35, 36, 37, 38, 39, 40, 41, 42, 43, 44, 45, 46, 47, 48, 49, 50, 51, 52, 53, 54, 55, 56, 57, 58, 59, 60, 61, 62, 63, 64, 65, 66, 67, 68, 69, 70, 71, 72, 73, 74, 75, 76, 77, 78, 79, 80, 81, 82, 83, 84, 85, 86, 87, 88, 89, 90, 91, 92, 93, 94, 95, 96, 97, 98, 99, 100, 101, 102], [1, 2, 3, 4, 5, 6, 7, 8, 9, 10, 11, 12, 13, 14, 15, 16, 17, 18, 19, 20, 21, 22, 23, 24, 25, 26, 27, 28, 29, 30, 31, 32, 33, 34, 35, 36, 37, 38, 39, 40, 41, 42, 43, 44, 45, 46, 47, 48, 49, 50, 51, 52, 53, 54, 55, 56, 57, 58, 59, 60, 61, 62, 63, 64, 65, 66, 67, 68, 69, 70, 71, 72, 73, 74, 75, 76, 77, 78, 79, 80, 81, 82, 83, 84, 85, 86, 87, 88, 89, 90, 91, 92, 93, 94, 95, 96, 97, 98, 99, 100, 101, 102], [1, 2, 3, 4, 5, 6, 7, 8, 9, 10, 11, 12, 13, 14, 15, 16, 17, 18, 19, 20, 21, 22, 23, 24, 25, 26, 27, 28, 29, 30, 31, 32, 33, 34, 35, 36, 37, 38, 39, 40, 41, 42, 43, 44, 45, 46, 47, 48, 49, 50, 51, 52, 53, 54, 55, 56, 57, 58, 59, 60, 61, 62, 63, 64, 65, 66, 67, 68, 69, 70, 71, 72, 73, 74, 75, 76, 77, 78, 79, 80, 81, 82, 83, 84, 85, 86, 87, 88, 89, 90, 91, 92, 93, 94, 95, 96, 97, 98, 99, 100, 101, 102], [1, 2, 3, 4, 5, 6, 7, 8, 9, 10, 11, 12, 13, 14, 15, 16, 17, 18, 19, 20, 21, 22, 23, 24, 25, 26, 27, 28, 29, 30, 31, 32, 33, 34, 35, 36, 37, 38, 39, 40, 41, 42, 43, 44, 45, 46, 47, 48, 49, 50, 51, 52, 53, 54, 55, 56, 57, 58, 59, 60, 61, 62, 63, 64, 65, 66, 67, 68, 69, 70, 71, 72, 73, 74, 75, 76, 77, 78, 79, 80, 81, 82, 83, 84, 85, 86, 87, 88, 89, 90, 91, 92, 93, 94, 95, 96, 97, 98, 99, 100, 101, 102], [1, 2, 3, 4, 5, 6, 7, 8, 9, 10, 11, 12, 13, 14, 15, 16, 17, 18, 19, 20, 21, 22, 23, 24, 25, 26, 27, 28, 29, 30, 31, 32, 33, 34, 35, 36, 37, 38, 39, 40, 41, 42, 43, 44, 45, 46, 47, 48, 49, 50, 51, 52, 53, 54, 55, 56, 57, 58, 59, 60, 61, 62, 63, 64, 65, 66, 67, 68, 69, 70, 71, 72, 73, 74, 75, 76, 77, 78, 79, 80, 81, 82, 83, 84, 85, 86, 87, 88, 89, 90, 91, 92, 93, 94, 95, 96, 97, 98, 99, 100, 101, 102], [1, 2, 3, 4, 5, 6, 7, 8, 9, 10, 11, 12, 13, 14, 15, 16, 17, 18, 19, 20, 21, 22, 23, 24, 25, 26, 27, 28, 29, 30, 31, 32, 33, 34, 35, 36, 37, 38, 39, 40, 41, 42, 43, 44, 45, 46, 47, 48, 49, 50, 51, 52, 53, 54, 55, 56, 57, 58, 59, 60, 61, 62, 63, 64, 65, 66, 67, 68, 69, 70, 71, 72, 73, 74, 75, 76, 77, 78, 79, 80, 81, 82, 83, 84, 85, 86, 87, 88, 89, 90, 91, 92, 93, 94, 95, 96, 97, 98, 99, 100, 101, 102], [1, 2, 3, 4, 5, 6, 7, 8, 9, 10, 11, 12, 13, 14, 15, 16, 17, 18, 19, 20, 21, 22, 23, 24, 25, 26, 27, 28, 29, 30, 31, 32, 33, 34, 35, 36, 37, 38, 39, 40, 41, 42, 43, 44, 45, 46, 47, 48, 49, 50, 51, 52, 53, 54, 55, 56, 57, 58, 59, 60, 61, 62, 63, 64, 65, 66, 67, 68, 69, 70, 71, 72, 73, 74, 75, 76, 77, 78, 79, 80, 81, 82, 83, 84, 85, 86, 87, 88, 89, 90, 91, 92, 93, 94, 95, 96, 97, 98, 99, 100, 101, 102], [1, 2, 3, 4, 5, 6, 7, 8, 9, 10, 11, 12, 13, 14, 15, 16, 17, 18, 19, 20, 21, 22, 23, 24, 25, 26, 27, 28, 29, 30, 31, 32, 33, 34, 35, 36, 37, 38, 39, 40, 41, 42, 43, 44, 45, 46, 47, 48, 49, 50, 51, 52, 53, 54, 55, 56, 57, 58, 59, 60, 61, 62, 63, 64, 65, 66, 67, 68, 69, 70, 71, 72, 73, 74, 75, 76, 77, 78, 79, 80, 81, 82, 83, 84, 85, 86, 87, 88, 89, 90, 91, 92, 93, 94, 95, 96, 97, 98, 99, 100, 101, 102], [1, 2, 3, 4, 5, 6, 7, 8, 9, 10, 11, 12, 13, 14, 15, 16, 17, 18, 19, 20, 21, 22, 23, 24, 25, 26, 27, 28, 29, 30, 31, 32, 33, 34, 35, 36, 37, 38, 39, 40, 41, 42, 43, 44, 45, 46, 47, 48, 49, 50, 51, 52, 53, 54, 55, 56, 57, 58, 59, 60, 61, 62, 63, 64, 65, 66, 67, 68, 69, 70, 71, 72, 73, 74, 75, 76, 77, 78, 79, 80, 81, 82, 83, 84, 85, 86, 87, 88, 89, 90, 91, 92, 93, 94, 95, 96, 97, 98, 99, 100, 101, 102], [1, 2, 3, 4, 5, 6, 7, 8, 9, 10, 11, 12, 13, 14, 15, 16, 17, 18, 19, 20, 21, 22, 23, 24, 25, 26, 27, 28, 29, 30, 31, 32, 33, 34, 35, 36, 37, 38, 39, 40, 41, 42, 43, 44, 45, 46, 47, 48, 49, 50, 51, 52, 53, 54, 55, 56, 57, 58, 59, 60, 61, 62, 63, 64, 65, 66, 67, 68, 69, 70, 71, 72, 73, 74, 75, 76, 77, 78, 79, 80, 81, 82, 83, 84, 85, 86, 87, 88, 89, 90, 91, 92, 93, 94, 95, 96, 97, 98, 99, 100, 101, 102], [1, 2, 3, 4, 5, 6, 7, 8, 9, 10, 11, 12, 13, 14, 15, 16, 17, 18, 19, 20, 21, 22, 23, 24, 25, 26, 27, 28, 29, 30, 31, 32, 33, 34, 35, 36, 37, 38, 39, 40, 41, 42, 43, 44, 45, 46, 47, 48, 49, 50, 51, 52, 53, 54, 55, 56, 57, 58, 59, 60, 61, 62, 63, 64, 65, 66, 67, 68, 69, 70, 71, 72, 73, 74, 75, 76, 77, 78, 79, 80, 81, 82, 83, 84, 85, 86, 87, 88, 89, 90, 91, 92, 93, 94, 95, 96, 97, 98, 99, 100, 101, 102], [1, 2, 3, 4, 5, 6, 7, 8, 9, 10, 11, 12, 13, 14, 15, 16, 17, 18, 19, 20, 21, 22, 23, 24, 25, 26, 27, 28, 29, 30, 31, 32, 33, 34, 35, 36, 37, 38, 39, 40, 41, 42, 43, 44, 45, 46, 47, 48, 49, 50, 51, 52, 53, 54, 55, 56, 57, 58, 59, 60, 61, 62, 63, 64, 65, 66, 67, 68, 69, 70, 71, 72, 73, 74, 75, 76, 77, 78, 79, 80, 81, 82, 83, 84, 85, 86, 87, 88, 89, 90, 91, 92, 93, 94, 95, 96, 97, 98, 99, 100, 101, 102], [1, 2, 3, 4, 5, 6, 7, 8, 9, 10, 11, 12, 13, 14, 15, 16, 17, 18, 19, 20, 21, 22, 23, 24, 25, 26, 27, 28, 29, 30, 31, 32, 33, 34, 35, 36, 37, 38, 39, 40, 41, 42, 43, 44, 45, 46, 47, 48, 49, 50, 51, 52, 53, 54, 55, 56, 57, 58, 59, 60, 61, 62, 63, 64, 65, 66, 67, 68, 69, 70, 71, 72, 73, 74, 75, 76, 77, 78, 79, 80, 81, 82, 83, 84, 85, 86, 87, 88, 89, 90, 91, 92, 93, 94, 95, 96, 97, 98, 99, 100, 101, 102], [1, 2, 3, 4, 5, 6, 7, 8, 9, 10, 11, 12, 13, 14, 15, 16, 17, 18, 19, 20, 21, 22, 23, 24, 25, 26, 27, 28, 29, 30, 31, 32, 33, 34, 35, 36, 37, 38, 39, 40, 41, 42, 43, 44, 45, 46, 47, 48, 49, 50, 51, 52, 53, 54, 55, 56, 57, 58, 59, 60, 61, 62, 63, 64, 65, 66, 67, 68, 69, 70, 71, 72, 73, 74, 75, 76, 77, 78, 79, 80, 81, 82, 83, 84, 85, 86, 87, 88, 89, 90, 91, 92, 93, 94, 95, 96, 97, 98, 99, 100, 101, 102], [1, 2, 3, 4, 5, 6, 7, 8, 9, 10, 11, 12, 13, 14, 15, 16, 17, 18, 19, 20, 21, 22, 23, 24, 25, 26, 27, 28, 29, 30, 31, 32, 33, 34, 35, 36, 37, 38, 39, 40, 41, 42, 43, 44, 45, 46, 47, 48, 49, 50, 51, 52, 53, 54, 55, 56, 57, 58, 59, 60, 61, 62, 63, 64, 65, 66, 67, 68, 69, 70, 71, 72, 73, 74, 75, 76, 77, 78, 79, 80, 81, 82, 83, 84, 85, 86, 87, 88, 89, 90, 91, 92, 93, 94, 95, 96, 97, 98, 99, 100, 101, 102], [1, 2, 3, 4, 6, 7, 8, 10, 11, 13, 15, 16, 17, 18, 19, 21, 22, 23, 25, 26, 28, 30, 31, 32, 33, 34, 36, 37, 38, 40, 41, 43, 45, 46, 47, 48, 49, 51, 52, 53, 55, 56, 58, 60, 61, 62, 63, 64, 66, 67, 68, 70, 71, 73, 75, 76, 77, 78, 79, 81, 82, 83, 85, 86, 88, 90, 91, 92, 93, 94, 95, 96, 97, 98, 99, 100, 101, 102], [1, 2, 3, 4, 6, 7, 8, 10, 11, 13, 15, 16, 17, 18, 19, 21, 22, 23, 25, 26, 28, 30, 31, 32, 33, 34, 36, 37, 38, 40, 41, 43, 45, 46, 47, 48, 49, 51, 52, 53, 55, 56, 58, 60, 61, 62, 63, 64, 66, 67, 68, 70, 71, 73, 75, 76, 77, 78, 79, 81, 82, 83, 85, 86, 88, 90, 91, 92, 93, 94, 95, 96, 97, 98, 99, 100, 101, 102], [1, 2, 3, 4, 6, 7, 8, 10, 11, 13, 15, 16, 17, 18, 19, 21, 22, 23, 25, 26, 28, 30, 31, 32, 33, 34, 36, 37, 38, 40, 41, 43, 45, 46, 47, 48, 49, 51, 52, 53, 55, 56, 58, 60, 61, 62, 63, 64, 66, 67, 68, 70, 71, 73, 75, 76, 77, 78, 79, 81, 82, 83, 85, 86, 88, 90, 91, 92, 93, 94, 95, 96, 97, 98, 99, 100, 101, 102], [1, 2, 3, 4, 6, 7, 8, 10, 11, 13, 15, 16, 17, 18, 19, 21, 22, 23, 25, 26, 28, 30, 31, 32, 33, 34, 36, 37, 38, 40, 41, 43, 45, 46, 47, 48, 49, 51, 52, 53, 55, 56, 58, 60, 61, 62, 63, 64, 66, 67, 68, 70, 71, 73, 75, 76, 77, 78, 79, 81, 82, 83, 85, 86, 88, 90, 91, 92, 93, 94, 95, 96, 97, 98, 99, 100, 101, 102], [1, 2, 3, 4, 6, 7, 8, 10, 11, 13, 15, 16, 17, 18, 19, 21, 22, 23, 25, 26, 28, 30, 31, 32, 33, 34, 36, 37, 38, 40, 41, 43, 45, 46, 47, 48, 49, 51, 52, 53, 55, 56, 58, 60, 61, 62, 63, 64, 66, 67, 68, 70, 71, 73, 75, 76, 77, 78, 79, 81, 82, 83, 85, 86, 88, 90, 91, 92, 93, 94, 95, 96, 97, 98, 99, 100, 101, 102], [1, 2, 3, 4, 6, 7, 8, 10, 11, 13, 15, 16, 17, 18, 19, 21, 22, 23, 25, 26, 28, 30, 31, 32, 33, 34, 36, 37, 38, 40, 41, 43, 45, 46, 47, 48, 49, 51, 52, 53, 55, 56, 58, 60, 61, 62, 63, 64, 66, 67, 68, 70, 71, 73, 75, 76, 77, 78, 79, 81, 82, 83, 85, 86, 88, 90, 91, 92, 93, 94, 95, 96, 97, 98, 99, 100, 101, 102], [1, 2, 3, 4, 6, 7, 8, 10, 11, 13, 15, 16, 17, 18, 19, 21, 22, 23, 25, 26, 28, 30, 31, 32, 33, 34, 36, 37, 38, 40, 41, 43, 45, 46, 47, 48, 49, 51, 52, 53, 55, 56, 58, 60, 61, 62, 63, 64, 66, 67, 68, 70, 71, 73, 75, 76, 77, 78, 79, 81, 82, 83, 85, 86, 88, 90, 91, 92, 93, 94, 95, 96, 97, 98, 99, 100, 101, 102], [1, 2, 3, 4, 6, 7, 8, 10, 11, 13, 15, 16, 17, 18, 19, 21, 22, 23, 25, 26, 28, 30, 31, 32, 33, 34, 36, 37, 38, 40, 41, 43, 45, 46, 47, 48, 49, 51, 52, 53, 55, 56, 58, 60, 61, 62, 63, 64, 66, 67, 68, 70, 71, 73, 75, 76, 77, 78, 79, 81, 82, 83, 85, 86, 88, 90, 91, 92, 93, 94, 95, 96, 97, 98, 99, 100, 101, 102], [1, 2, 3, 4, 6, 7, 8, 10, 11, 13, 15, 16, 17, 18, 19, 21, 22, 23, 25, 26, 28, 30, 31, 32, 33, 34, 36, 37, 38, 40, 41, 43, 45, 46, 47, 48, 49, 51, 52, 53, 55, 56, 58, 60, 61, 62, 63, 64, 66, 67, 68, 70, 71, 73, 75, 76, 77, 78, 79, 81, 82, 83, 85, 86, 88, 90, 91, 92, 93, 94, 95, 96, 97, 98, 99, 100, 101, 102], [1, 2, 3, 4, 6, 7, 8, 10, 11, 13, 15, 16, 17, 18, 19, 21, 22, 23, 25, 26, 28, 30, 31, 32, 33, 34, 36, 37, 38, 40, 41, 43, 45, 46, 47, 48, 49, 51, 52, 53, 55, 56, 58, 60, 61, 62, 63, 64, 66, 67, 68, 70, 71, 73, 75, 76, 77, 78, 79, 81, 82, 83, 85, 86, 88, 90, 91, 92, 93, 94, 95, 96, 97, 98, 99, 100, 101, 102], [1, 2, 3, 4, 6, 7, 8, 10, 11, 13, 15, 16, 17, 18, 19, 21, 22, 23, 25, 26, 28, 30, 31, 32, 33, 34, 36, 37, 38, 40, 41, 43, 45, 46, 47, 48, 49, 51, 52, 53, 55, 56, 58, 60, 61, 62, 63, 64, 66, 67, 68, 70, 71, 73, 75, 76, 77, 78, 79, 81, 82, 83, 85, 86, 88, 90, 91, 92, 93, 94, 95, 96, 97, 98, 99, 100, 101, 102], [1, 2, 3, 4, 6, 7, 8, 10, 11, 13, 15, 16, 17, 18, 19, 21, 22, 23, 25, 26, 28, 30, 31, 32, 33, 34, 36, 37, 38, 40, 41, 43, 45, 46, 47, 48, 49, 51, 52, 53, 55, 56, 58, 60, 61, 62, 63, 64, 66, 67, 68, 70, 71, 73, 75, 76, 77, 78, 79, 81, 82, 83, 85, 86, 88, 90, 91, 92, 93, 94, 95, 96, 97, 98, 99, 100, 101, 102], [1, 2, 3, 4, 6, 7, 8, 10, 11, 13, 15, 16, 17, 18, 19, 21, 22, 23, 25, 26, 28, 30, 31, 32, 33, 34, 36, 37, 38, 40, 41, 43, 45, 46, 47, 48, 49, 51, 52, 53, 55, 56, 58, 60, 61, 62, 63, 64, 66, 67, 68, 70, 71, 73, 75, 76, 77, 78, 79, 81, 82, 83, 85, 86, 88, 90, 91, 92, 93, 94, 95, 96, 97, 98, 99, 100, 101, 102], [1, 2, 3, 4, 6, 7, 8, 10, 11, 13, 15, 16, 17, 18, 19, 21, 22, 23, 25, 26, 28, 30, 31, 32, 33, 34, 36, 37, 38, 40, 41, 43, 45, 46, 47, 48, 49, 51, 52, 53, 55, 56, 58, 60, 61, 62, 63, 64, 66, 67, 68, 70, 71, 73, 75, 76, 77, 78, 79, 81, 82, 83, 85, 86, 88, 90, 91, 92, 93, 94, 95, 96, 97, 98, 99, 100, 101, 102], [1, 2, 3, 4, 6, 7, 8, 10, 11, 13, 15, 16, 17, 18, 19, 21, 22, 23, 25, 26, 28, 30, 31, 32, 33, 34, 36, 37, 38, 40, 41, 43, 45, 46, 47, 48, 49, 51, 52, 53, 55, 56, 58, 60, 61, 62, 63, 64, 66, 67, 68, 70, 71, 73, 75, 76, 77, 78, 79, 81, 82, 83, 85, 86, 88, 90, 91, 92, 93, 94, 95, 96, 97, 98, 99, 100, 101, 102], [1, 2, 3, 4, 6, 7, 8, 10, 11, 13, 15, 16, 17, 18, 19, 21, 22, 23, 25, 26, 28, 30, 31, 32, 33, 34, 36, 37, 38, 40, 41, 43, 45, 46, 47, 48, 49, 51, 52, 53, 55, 56, 58, 60, 61, 62, 63, 64, 66, 67, 68, 70, 71, 73, 75, 76, 77, 78, 79, 81, 82, 83, 85, 86, 88, 90, 91, 92, 93, 94, 95, 96, 97, 98, 99, 100, 101, 102], [1, 2, 3, 4, 6, 7, 8, 10, 11, 13, 15, 16, 17, 18, 19, 21, 22, 23, 25, 26, 28, 30, 31, 32, 33, 34, 36, 37, 38, 40, 41, 43, 45, 46, 47, 48, 49, 51, 52, 53, 55, 56, 58, 60, 61, 62, 63, 64, 66, 67, 68, 70, 71, 73, 75, 76, 77, 78, 79, 81, 82, 83, 85, 86, 88, 90, 91, 92, 93, 94, 95, 96, 97, 98, 99, 100, 101, 102], [1, 2, 3, 4, 6, 7, 8, 10, 11, 13, 15, 16, 17, 18, 19, 21, 22, 23, 25, 26, 28, 30, 31, 32, 33, 34, 36, 37, 38, 40, 41, 43, 45, 46, 47, 48, 49, 51, 52, 53, 55, 56, 58, 60, 61, 62, 63, 64, 66, 67, 68, 70, 71, 73, 75, 76, 77, 78, 79, 81, 82, 83, 85, 86, 88, 90, 91, 92, 93, 94, 95, 96, 97, 98, 99, 100, 101, 102], [5, 9, 12, 14, 20, 24, 27, 29], [35, 39, 42, 44, 50, 54, 57, 59], [65, 69, 72, 74, 80, 84, 87, 89], [5, 9, 12, 14, 80, 84, 87, 89], [20, 24, 27, 29, 35, 39, 42, 44], [50, 54, 57, 59, 65, 69, 72, 74]]
   b_d_cas_overl.orb  written
| $orb section, with  48  orbitals written in  b_d_cas_overl.xmi
- ------------------------------------------------------------------
- submit the calculation: b_d_cas_overl.xmi   the xmo is required to continue
- ------------------------------------------------------------------
